1 0.3818918918918919 0.712671905697446 0.02108108108108108 0.021283562540929928
3 0.3886486486486486 0.4363130320890635 0.05621621621621622 0.021938441388343156
4 0.3902702702702703 0.35085134250163724 0.02054054054054054 0.02390307793058284
1 0.8632432432432433 0.44810085134250166 0.05945945945945946 0.02455795677799607
6 0.38675675675675675 0.23199083169613624 0.02 0.0252128356254093
8 0.28405405405405404 0.2909299279633268 0.015675675675675675 0.025867714472822528
2 0.8589189189189189 0.7416502946954813 0.04756756756756757 0.026850032743942372
1 0.3894594594594594 0.3762278978388998 0.013513513513513514 0.0275049115913556
1 0.7732432432432432 0.38195808775376555 0.02108108108108108 0.027832351015062214
4 0.8702702702702703 0.23493778650949573 0.02702702702702703 0.027832351015062214
4 0.392972972972973 0.4035690897184021 0.07351351351351351 0.027832351015062214
12 0.29162162162162164 0.3276031434184676 0.05243243243243243 0.02848722986247544
2 0.8613513513513513 0.4166666666666667 0.05459459459459459 0.02848722986247544
2 0.8597297297297297 0.6252455795677799 0.05459459459459459 0.02848722986247544
